timeStamp,elapsed,label,responseCode,responseMessage,threadName,dataType,success,failureMessage,bytes,sentBytes,grpThreads,allThreads,URL,Latency,IdleTime,Connect
1588788539299,3529,q96,200,OK,Thread Group 1-1,text,true,,14,0,1,1,null,3527,0,905
1588788542829,5192,q7,200,OK,Thread Group 1-1,text,true,,8734,0,1,1,null,5138,0,0
1588788548022,5772,q19,200,OK,Thread Group 1-1,text,true,,5973,0,1,1,null,5721,0,0
1588788553794,6402,q25,200,OK,Thread Group 1-1,text,true,,16188,0,1,1,null,6301,0,1
1588788560197,24148,q78,200,OK,Thread Group 1-1,text,true,,3762,0,1,1,null,23997,0,0
1588788584344,3546,q1,200,OK,Thread Group 1-1,text,true,,1714,0,1,1,null,3446,0,0
1588788587890,2665,q91,200,OK,Thread Group 1-1,text,true,,2604,0,1,1,null,2615,0,0
1588788590555,3961,q43,200,OK,Thread Group 1-1,text,true,,14115,0,1,1,null,3910,0,0
1588788594516,1872,q45,200,OK,Thread Group 1-1,text,true,,2185,0,1,1,null,1821,0,0
1588788596388,55735,q64,200,OK,Thread Group 1-1,text,true,,1153895,0,1,1,null,55478,0,0
1588788652123,6899,q33,200,OK,Thread Group 1-1,text,true,,2085,0,1,1,null,6749,0,0
1588788659022,8560,q46,200,OK,Thread Group 1-1,text,true,,4489,0,1,1,null,8459,0,0
1588788667582,1428,q62,200,OK,Thread Group 1-1,text,true,,4668,0,1,1,null,1377,0,0
1588788669010,30017,q10,200,OK,Thread Group 1-1,text,true,,4881,0,1,1,null,29666,0,0
1588788699027,4637,q63,200,OK,Thread Group 1-1,text,true,,3714,0,1,1,null,4487,0,0
1588788703664,27698,q69,200,OK,Thread Group 1-1,text,true,,3897,0,1,1,null,27347,0,0
1588788731362,7176,q60,200,OK,Thread Group 1-1,text,true,,3206,0,1,1,null,7076,0,0
1588788738538,18765,q59,200,OK,Thread Group 1-1,text,true,,15577,0,1,1,null,18614,0,0
1588788757303,10099,q85,200,OK,Thread Group 1-1,text,true,,2646,0,1,1,null,9899,0,0
1588788767402,6562,q28,200,OK,Thread Group 1-1,text,true,,319,0,1,1,null,6412,0,0
1588788773964,9443,q81,200,OK,Thread Group 1-1,text,true,,13225,0,1,1,null,9342,0,0
1588788783409,5298,q97,200,OK,Thread Group 1-1,text,true,,68,0,1,1,null,5198,0,0
1588788788706,7414,q17,200,OK,Thread Group 1-1,text,true,,16991,0,1,1,null,7313,0,0
1588788796120,32088,q47,200,OK,Thread Group 1-1,text,true,,11130,0,1,1,null,31937,0,0
1588788828208,2622,q3,200,OK,Thread Group 1-1,text,true,,4860,0,1,1,null,2571,0,0
1588788830830,6719,q51,200,OK,Thread Group 1-1,text,true,,5004,0,1,1,null,6619,0,0
1588788837550,30418,q35,200,OK,Thread Group 1-1,text,true,,5177,0,1,1,null,30017,0,0
1588788867968,15221,q49,200,OK,Thread Group 1-1,text,true,,2815,0,1,1,null,15119,0,0
1588788883189,8148,q9,200,OK,Thread Group 1-1,text,true,,133,0,1,1,null,8048,0,0
1588788891337,25545,q31,200,OK,Thread Group 1-1,text,true,,28495,0,1,1,null,25393,0,0
1588788916882,12631,q11,200,OK,Thread Group 1-1,text,true,,5847,0,1,1,null,12431,0,0
1588788929514,11523,q93,200,OK,Thread Group 1-1,text,true,,912,0,1,1,null,11423,0,0
1588788941037,7493,q29,200,OK,Thread Group 1-1,text,true,,15436,0,1,1,null,7392,0,0
1588788948530,4725,q89,200,OK,Thread Group 1-1,text,true,,8629,0,1,1,null,4675,0,0
1588788953255,2181,q15,200,OK,Thread Group 1-1,text,true,,2056,0,1,1,null,2131,0,0
1588788955437,2486,q52,200,OK,Thread Group 1-1,text,true,,4827,0,1,1,null,2436,0,0
1588788957923,10448,q50,200,OK,Thread Group 1-1,text,true,,9103,0,1,1,null,10297,0,0
1588788968371,2406,q42,200,OK,Thread Group 1-1,text,true,,418,0,1,1,null,2355,0,0
1588788970777,10601,q88,200,OK,Thread Group 1-1,text,true,,163,0,1,1,null,10451,0,0
1588788981379,19278,q57,200,OK,Thread Group 1-1,text,true,,8670,0,1,1,null,19077,0,0
1588789000657,7781,q65,200,OK,Thread Group 1-1,text,true,,10320,0,1,1,null,7630,0,0
1588789008438,4720,q71,200,OK,Thread Group 1-1,text,true,,12226485,0,1,1,null,4256,0,0
1588789013158,3798,q34,200,OK,Thread Group 1-1,text,true,,588211,0,1,1,null,3676,0,0
1588789016956,6342,q30,200,OK,Thread Group 1-1,text,true,,10063,0,1,1,null,6241,0,0
1588789023299,3433,q73,200,OK,Thread Group 1-1,text,true,,6315,0,1,1,null,3382,0,0
1588789026732,3523,q84,200,OK,Thread Group 1-1,text,true,,3725,0,1,1,null,3473,0,0
1588789030255,2538,q55,200,OK,Thread Group 1-1,text,true,,4313,0,1,1,null,2438,0,0
1588789032793,6434,q56,200,OK,Thread Group 1-1,text,true,,3177,0,1,1,null,6284,0,0
1588789039228,6312,q2,200,OK,Thread Group 1-1,text,true,,86777,0,1,1,null,6209,0,0
1588789045541,4071,q26,200,OK,Thread Group 1-1,text,true,,8609,0,1,1,null,4020,0,0
1588789049612,4461,q53,200,OK,Thread Group 1-1,text,true,,3659,0,1,1,null,4410,0,0
1588789054074,4886,q79,200,OK,Thread Group 1-1,text,true,,3884,0,1,1,null,4836,0,0
1588789058960,18891,q4,200,OK,Thread Group 1-1,text,true,,5874,0,1,1,null,18590,0,0
1588789077851,4604,q99,200,OK,Thread Group 1-1,text,true,,526,0,1,1,null,4553,0,0
1588789082455,8649,q68,200,OK,Thread Group 1-1,text,true,,6975,0,1,1,null,8549,0,0
1588789091104,3142,q83,200,OK,Thread Group 1-1,text,true,,6726,0,1,1,null,3091,0,0
1588789094246,6570,q61,200,OK,Thread Group 1-1,text,true,,82,0,1,1,null,6470,0,0
1588789100817,3621,q76,200,OK,Thread Group 1-1,text,true,,6710,0,1,1,null,3521,0,0
