timeStamp,elapsed,label,responseCode,responseMessage,threadName,dataType,success,failureMessage,bytes,sentBytes,grpThreads,allThreads,URL,Latency,IdleTime,Connect
1588781644132,6571,q96,200,OK,Thread Group 1-1,text,true,,14,0,1,1,null,6570,0,923
1588781650704,13345,q7,200,OK,Thread Group 1-1,text,true,,8757,0,1,1,null,13340,0,0
1588781664050,13237,q19,200,OK,Thread Group 1-1,text,true,,5890,0,1,1,null,13185,0,0
1588781677288,13455,q25,200,OK,Thread Group 1-1,text,true,,16188,0,1,1,null,13404,0,0
1588781690743,75257,q78,200,OK,Thread Group 1-1,text,true,,3762,0,1,1,null,74554,0,0
1588781766000,5398,q1,200,OK,Thread Group 1-1,text,true,,1714,0,1,1,null,5348,0,0
1588781771398,2639,q91,200,OK,Thread Group 1-1,text,true,,2606,0,1,1,null,2588,0,0
1588781774037,11235,q43,200,OK,Thread Group 1-1,text,true,,13960,0,1,1,null,11184,0,0
1588781785272,2016,q45,200,OK,Thread Group 1-1,text,true,,2185,0,1,1,null,1865,0,0
1588781787288,130391,q64,200,OK,Thread Group 1-1,text,true,,1153895,0,1,1,null,129693,0,0
1588781917679,13210,q33,200,OK,Thread Group 1-1,text,true,,1984,0,1,1,null,13160,0,0
1588781930889,15611,q46,200,OK,Thread Group 1-1,text,true,,4489,0,1,1,null,15561,0,0
1588781946501,1448,q62,200,OK,Thread Group 1-1,text,true,,4668,0,1,1,null,1397,0,0
1588781947949,54847,q10,200,OK,Thread Group 1-1,text,true,,4881,0,1,1,null,54746,0,0
1588782002797,12621,q63,200,OK,Thread Group 1-1,text,true,,3693,0,1,1,null,12570,0,0
1588782015418,51130,q69,200,OK,Thread Group 1-1,text,true,,3897,0,1,1,null,50980,0,0
1588782066549,15433,q60,200,OK,Thread Group 1-1,text,true,,3173,0,1,1,null,15382,0,0
1588782081982,39581,q59,200,OK,Thread Group 1-1,text,true,,15626,0,1,1,null,39530,0,0
1588782121563,10465,q85,200,OK,Thread Group 1-1,text,true,,2587,0,1,1,null,10215,0,0
1588782132028,17594,q28,200,OK,Thread Group 1-1,text,true,,320,0,1,1,null,17544,0,0
1588782149622,12214,q81,200,OK,Thread Group 1-1,text,true,,13225,0,1,1,null,12163,0,0
1588782161836,14994,q97,200,OK,Thread Group 1-1,text,true,,68,0,1,1,null,14893,0,0
1588782176830,15392,q17,200,OK,Thread Group 1-1,text,true,,16991,0,1,1,null,15342,0,0
1588782192222,93950,q47,200,OK,Thread Group 1-1,text,true,,11109,0,1,1,null,93899,0,0
1588782286172,6837,q3,200,OK,Thread Group 1-1,text,true,,4793,0,1,1,null,6786,0,0
1588782293009,25670,q51,200,OK,Thread Group 1-1,text,true,,5070,0,1,1,null,25619,0,0
1588782318679,69629,q35,200,OK,Thread Group 1-1,text,true,,5177,0,1,1,null,69478,0,0
1588782388308,44149,q49,200,OK,Thread Group 1-1,text,true,,2815,0,1,1,null,44047,0,0
1588782432457,26265,q9,200,OK,Thread Group 1-1,text,true,,134,0,1,1,null,26215,0,0
1588782458722,48844,q31,200,OK,Thread Group 1-1,text,true,,28507,0,1,1,null,48743,0,0
1588782507567,26640,q11,200,OK,Thread Group 1-1,text,true,,5847,0,1,1,null,26539,0,0
1588782534207,33457,q93,200,OK,Thread Group 1-1,text,true,,912,0,1,1,null,33006,0,0
1588782567664,14433,q29,200,OK,Thread Group 1-1,text,true,,15436,0,1,1,null,14382,0,0
1588782582097,12096,q89,200,OK,Thread Group 1-1,text,true,,8601,0,1,1,null,12045,0,0
1588782594193,3151,q15,200,OK,Thread Group 1-1,text,true,,1998,0,1,1,null,3101,0,0
1588782597344,6515,q52,200,OK,Thread Group 1-1,text,true,,4663,0,1,1,null,6465,0,0
1588782603860,25367,q50,200,OK,Thread Group 1-1,text,true,,9103,0,1,1,null,25317,0,0
1588782629227,6089,q42,200,OK,Thread Group 1-1,text,true,,417,0,1,1,null,6039,0,0
1588782635317,32917,q88,200,OK,Thread Group 1-1,text,true,,163,0,1,1,null,32866,0,0
1588782668234,53194,q57,200,OK,Thread Group 1-1,text,true,,8750,0,1,1,null,53144,0,0
1588782721429,23750,q65,200,OK,Thread Group 1-1,text,true,,10241,0,1,1,null,23700,0,0
1588782745179,11039,q71,200,OK,Thread Group 1-1,text,true,,12223462,0,1,1,null,10716,0,1
1588782756218,7815,q34,200,OK,Thread Group 1-1,text,true,,588211,0,1,1,null,7746,0,0
1588782764033,11134,q30,200,OK,Thread Group 1-1,text,true,,10063,0,1,1,null,11084,0,0
1588782775167,7490,q73,200,OK,Thread Group 1-1,text,true,,6315,0,1,1,null,7440,0,0
1588782782658,4112,q84,200,OK,Thread Group 1-1,text,true,,3725,0,1,1,null,4062,0,0
1588782786771,5936,q55,200,OK,Thread Group 1-1,text,true,,4192,0,1,1,null,5885,0,0
1588782792707,14535,q56,200,OK,Thread Group 1-1,text,true,,3157,0,1,1,null,14485,0,0
1588782807242,14031,q2,200,OK,Thread Group 1-1,text,true,,86777,0,1,1,null,13977,0,0
1588782821273,8195,q26,200,OK,Thread Group 1-1,text,true,,8591,0,1,1,null,8145,0,0
1588782829468,13164,q53,200,OK,Thread Group 1-1,text,true,,3332,0,1,1,null,13114,0,0
1588782842634,11636,q79,200,OK,Thread Group 1-1,text,true,,3884,0,1,1,null,11586,0,0
1588782854269,41686,q4,200,OK,Thread Group 1-1,text,true,,5874,0,1,1,null,41586,0,0
1588782895955,10048,q99,200,OK,Thread Group 1-1,text,true,,526,0,1,1,null,9897,0,0
1588782906003,15743,q68,200,OK,Thread Group 1-1,text,true,,6975,0,1,1,null,15642,0,0
1588782921746,5393,q83,200,OK,Thread Group 1-1,text,true,,6726,0,1,1,null,5341,0,0
1588782927139,17909,q61,200,OK,Thread Group 1-1,text,true,,82,0,1,1,null,17809,0,0
1588782945050,7615,q76,200,OK,Thread Group 1-1,text,true,,6625,0,1,1,null,7565,0,0
